2500 2500 93395
1155 211 93394
2025 1118 93394
1771 1808 93394
224 190 93394
931 387 93394
1327 671 93394
945 2453 93394
2198 1814 93394
1366 2058 93394
296 530 93394
550 2042 93394
2055 3 93394
1497 1078 93394
1713 693 93394
638 1356 93394
1955 1673 93394
1869 776 93394
1889 2098 93394
2345 181 93394
1640 1122 93394
1939 1052 93394
998 63 93394
1468 783 93394
2157 288 93394
1476 2143 93394
1467 1361 93394
1231 2006 93394
1105 233 93394
497 1949 93394
1065 495 93394
2369 856 93394
2435 2352 93394
1714 913 93394
1089 1634 93394
454 67 93394
1106 874 93394
2273 866 93394
820 740 93394
219 1249 93394
665 1421 93394
1530 2218 93394
554 171 93394
2232 743 93394
1258 865 93394
1980 1541 93394
1452 2410 93394
402 1605 93394
1745 1156 93394
350 2047 93394
559 1044 93394
483 2362 93394
911 1206 93394
1262 298 93394
135 2466 93394
2305 2046 93394
314 1799 93394
2250 1486 93394
1491 1688 93394
2417 975 93394
2128 2402 93394
2404 1003 93394
2115 741 93394
1978 470 93394
1285 1460 93394
2243 854 93394
413 2070 93394
1524 517 93394
575 41 93394
1938 2479 93394
932 1142 93394
2164 39 93394
8 1132 93394
1921 1160 93394
128 1441 93394
735 2276 93394
1577 2443 93394
2441 1821 93394
1236 99 93394
602 2380 93394
1235 1016 93394
1933 1175 93394
287 82 93394
1220 5 93394
1965 1774 93394
882 1952 93394
819 38 93394
1349 2473 93394
1304 639 93394
118 2300 93394
2489 2040 93394
54 2283 93394
984 629 93394
115 251 93394
1493 1359 93394
130 761 93394
2325 2184 93394
2292 1803 93394
840 1647 93394
2455 1957 93394
1391 1020 93394
1586 177 93394
1364 1681 93394
24 1797 93394
1002 1268 93394
601 890 93394
1351 2061 93394
2333 1653 93394
1130 568 93394
1112 2408 93394
1673 1635 93394
300 1432 93394
365 993 93394
387 571 93394
1789 1931 93394
1656 1227 93394
2038 2492 93394
578 907 93394
822 1277 93394
1718 1333 93394
188 52 93394
1136 299 93394
1345 1790 93394
482 203 93394
1173 1050 93394
1588 115 93394
670 541 93394
355 1795 93394
2398 1335 93394
47 709 93394
2167 1301 93394
1621 178 93394
358 1285 93394
2482 832 93394
1280 559 93394
35 284 93394
823 1145 93394
649 2377 93394
860 1684 93394
813 1698 93394
917 1011 93394
1712 1511 93394
1340 2383 93394
1706 370 93394
2074 439 93394
380 507 93394
2052 2204 93394
1124 1274 93394
1362 1025 93394
198 1023 93394
2041 466 93394
1885 371 93394
1827 2024 93394
509 2290 93394
1064 1501 93394
1910 1758 93394
1758 1055 93394
2134 1866 93394
336 504 93394
1975 1874 93394
1685 2488 93394
1242 2485 93394
1750 905 93394
1936 453 93394
1860 932 93394
2131 1569 93394
850 2152 93394
419 1863 93394
108 862 93394
1072 895 93394
1060 340 93394
422 2175 93394
811 2297 93394
2493 2476 93394
1019 679 93394
59 853 93394
2080 1692 93394
2394 935 93394
2019 1740 93394
491 73 93394
654 760 93394
1769 847 93394
100 2414 93394
1862 2205 93394
864 264 93394
999 380 93394
1898 1019 93394
838 2438 93394
789 1065 93394
2200 2412 93394
2331 1564 93394
1260 1730 93394
1465 1034 93394
1746 706 93394
2342 200 93394
1256 1794 93394
1050 338 93394
1696 991 93394
833 1859 93394
742 225 93394
653 158 93394
2175 279 93394
2469 2243 93394
1253 2316 93394
726 1125 93394
1782 848 93394
1058 1753 93394
1046 1716 93394
1560 2131 93394
1492 128 93394
572 1697 93394
242 1314 93394
1382 1159 93394
2171 1180 93394
1809 1187 93394
1797 2398 93394
835 91 93394
950 520 93394
1642 2165 93394
525 461 93394
1049 2464 93394
246 1419 93394
1913 2348 93394
1338 2060 93394
733 1596 93394
1457 2013 93394
1252 1659 93394
62 1618 93394
2223 1535 93394
1680 2328 93394
1601 1590 93394
728 22 93394
1313 450 93394
375 1792 93394
199 15 93394
1759 1602 93394
1303 1413 93394
2122 278 93394
1866 1498 93394
1799 2227 93394
696 762 93394
479 373 93394
983 968 93394
2006 2110 93394
306 1997 93394
2286 2267 93394
2077 2337 93394
565 1552 93394
1239 1344 93394
3 1242 93394
2236 2326 93394
1935 1869 93394
322 176 93394
400 1584 93394
1123 2080 93394
790 2368 93394
359 1900 93394
1854 1532 93394
1665 2353 93394
1526 1920 93394
661 2012 93394
2396 2345 93394
2478 1690 93394
1043 2245 93394
1113 1851 93394
895 1515 93394
905 1626 93394
1792 2307 93394
1684 1146 93394
182 2211 93394
2143 1161 93394
1985 1848 93394
1501 1049 93394
1356 77 93394
1589 446 93394
102 775 93394
1649 140 93394
1480 1966 93394
1427 375 93394
1920 244 93394
777 553 93394
1992 587 93394
2413 1247 93394
1784 2096 93394
1778 2237 93394
1138 1757 93394
1804 1186 93394
1246 2125 93394
2406 1494 93394
2298 1452 93394
148 1593 93394
1196 1233 93394
1056 1062 93394
677 1699 93394
2033 2428 93394
2256 160 93394
1602 1979 93394
2428 2003 93394
2002 697 93394
1779 106 93394
2264 805 93394
374 522 93394
180 1430 93394
1039 1841 93394
2195 1316 93394
1324 1586 93394
1272 1689 93394
968 170 93394
2126 564 93394
1788 1030 93394
1742 414 93394
2125 1669 93394
1140 2007 93394
1502 1737 93394
1128 238 93394
806 441 93394
1300 1872 93394
1554 1355 93394
630 2238 93394
1627 180 93394
1774 2499 93394
842 1725 93394
1185 1582 93394
2368 2495 93394
1454 1392 93394
965 1534 93394
2217 1389 93394
2378 1974 93394
2341 678 93394
766 780 93394
656 164 93394
1447 418 93394
770 1313 93394
1283 1581 93394
1486 1613 93394
6 730 93394
161 1320 93394
396 245 93394
746 2375 93394
404 2020 93394
97 28 93394
1937 2435 93394
1177 1013 93394
20 489 93394
1305 182 93394
2467 1781 93394
1408 2463 93394
2351 2120 93394
1610 210 93394
370 1451 93394
2338 2318 93394
2405 858 93394
2440 1090 93394
2278 1589 93394
270 2366 93394
2411 2334 93394
558 2164 93394
1590 2451 93394
876 198 93394
1342 1005 93394
1333 1296 93394
1982 1319 93394
1886 1876 93394
1732 1745 93394
1646 2336 93394
839 1300 93394
1215 488 93394
279 745 93394
593 1115 93394
442 557 93394
579 606 93394
2444 1312 93394
2283 747 93394
757 1871 93394
2071 503 93394
125 1732 93394
925 1322 93394
717 80 93394
1101 111 93394
2013 1099 93394
2380 2169 93394
2004 1239 93394
583 2002 93394
2451 1127 93394
1865 1694 93394
2251 468 93394
725 578 93394
80 2284 93394
2344 2074 93394
2240 1174 93394
1675 1431 93394
7 329 93394
1872 599 93394
1536 561 93394
114 756 93394
933 276 93394
2009 666 93394
280 1085 93394
1326 337 93394
1850 1565 93394
681 456 93394
240 2079 93394
208 1739 93394
1003 1272 93394
2085 2118 93394
2043 2210 93394
1164 252 93394
1882 1981 93394
2177 1246 93394
2419 800 93394
2371 2173 93394
1777 1207 93394
1876 595 93394
1905 306 93394
904 451 93394
957 547 93394
1067 2384 93394
121 2302 93394
1901 1468 93394
1715 736 93394
1240 248 93394
1891 1472 93394
2089 1830 93394
1766 1386 93394
1559 2439 93394
1664 413 93394
722 719 93394
163 2394 93394
67 1306 93394
1509 2478 93394
702 689 93394
776 506 93394
1932 527 93394
698 732 93394
326 850 93394
1558 37 93394
1259 2367 93394
1632 725 93394
1013 2128 93394
927 1422 93394
110 2113 93394
2032 1192 93394
758 1337 93394
563 1418 93394
457 1283 93394
226 2365 93394
929 2038 93394
2105 1448 93394
1040 585 93394
2221 1875 93394
1161 518 93394
40 134 93394
2196 354 93394
1880 2385 93394
2057 1393 93394
2233 268 93394
468 2312 93394
963 1369 93394
2130 202 93394
2414 188 93394
769 750 93394
1523 699 93394
78 2225 93394
1418 1827 93394
1620 2483 93394
1037 280 93394
2246 1057 93394
338 471 93394
685 1364 93394
641 515 93394
2136 1877 93394
1397 131 93394
2438 1464 93394
2088 2423 93394
2280 2139 93394
2159 1510 93394
938 2416 93394
877 1861 93394
969 1643 93394
1819 860 93394
604 56 93394
609 2021 93394
1639 1041 93394
2263 2071 93394
2190 1260 93394
1704 748 93394
1974 1111 93394
1034 987 93394
2034 1660 93394
647 1138 93394
210 304 93394
1110 1033 93394
136 424 93394
1120 510 93394
2235 1275 93394
2162 445 93394
477 1263 93394
29 103 93394
1727 1153 93394
1322 1527 93394
19 2030 93394
439 815 93394
1371 496 93394
526 734 93394
1370 1936 93394
1513 610 93394
196 1058 93394
2422 330 93394
339 1251 93394
354 920 93394
463 1810 93394
2214 600 93394
1917 2097 93394
1350 2117 93394
566 509 93394
383 2274 93394
2259 1829 93394
1248 1632 93394
901 9 93394
1129 48 93394
2335 1771 93394
18 843 93394
42 1906 93394
650 1567 93394
1775 778 93394
1330 1245 93394
1835 35 93394
1748 879 93394
227 1151 93394
2434 62 93394
1753 351 93394
1022 1948 93394
1931 1982 93394
1757 2293 93394
1544 1397 93394
178 914 93394
648 476 93394
724 1232 93394
2499 214 93394
2282 1517 93394
1716 602 93394
1521 2305 93394
598 1798 93394
1294 2168 93394
2424 1516 93394
721 2018 93394
131 2370 93394
69 121 93394
217 1038 93394
709 1271 93394
980 316 93394
1287 1056 93394
1152 1088 93394
1725 400 93394
651 613 93394
631 1651 93394
1104 1940 93394
1279 467 93394
779 558 93394
900 2222 93394
1451 2076 93394
286 817 93394
868 1184 93394
595 1036 93394
1245 926 93394
2294 1998 93394
75 412 93394
323 292 93394
948 2057 93394
2334 1253 93394
1638 2140 93394
1422 20 93394
1859 1686 93394
2027 836 93394
504 583 93394
351 1488 93394
2010 555 93394
1618 1968 93394
437 1816 93394
623 633 93394
1437 1477 93394
652 983 93394
1624 954 93394
1001 440 93394
1903 305 93394
381 899 93394
930 139 93394
847 50 93394
2291 2470 93394
887 1568 93394
1688 165 93394
587 1994 93394
1118 1097 93394
101 2335 93394
288 828 93394
2355 2032 93394
1584 841 93394
1059 45 93394
249 2022 93394
1182 949 93394
1635 2259 93394
597 1575 93394
729 2437 93394
1805 2303 93394
487 1658 93394
2453 2220 93394
1611 643 93394
1188 482 93394
1628 1195 93394
1115 2073 93394
879 137 93394
1428 662 93394
993 1476 93394
1168 2137 93394
778 55 93394
200 2230 93394
1883 1942 93394
791 1372 93394
2336 1748 93394
1517 773 93394
2028 1434 93394
2031 1929 93394
1377 1221 93394
139 419 93394
1755 72 93394
1874 263 93394
700 1425 93394
2114 92 93394
25 1157 93394
2139 2027 93394
1325 2208 93394
605 319 93394
1997 1321 93394
60 2247 93394
325 1587 93394
1722 631 93394
416 1547 93394
503 87 93394
500 1297 93394
1728 1266 93394
2382 123 93394
2297 162 93394
1386 1663 93394
2073 2450 93394
1981 348 93394
1970 1847 93394
379 472 93394
1026 2 93394
644 550 93394
745 691 93394
1561 710 93394
2269 887 93394
1044 271 93394
511 648 93394
2145 1270 93394
533 1642 93394
2304 2339 93394
2361 1727 93394
1534 1895 93394
1483 391 93394
2007 1433 93394
1157 1903 93394
1648 86 93394
740 861 93394
599 2181 93394
1585 327 93394
2245 1592 93394
1025 1580 93394
787 957 93394
2079 955 93394
81 2224 93394
364 992 93394
1459 2045 93394
2227 1290 93394
1028 2146 93394
843 1970 93394
140 2150 93394
711 870 93394
1158 1594 93394
310 722 93394
356 534 93394
1962 2395 93394
751 2004 93394
484 742 93394
399 1881 93394
1847 2338 93394
2174 1709 93394
875 2028 93394
1963 1374 93394
426 1265 93394
1904 1081 93394
2353 154 93394
331 159 93394
616 434 93394
1542 1318 93394
55 2272 93394
168 560 93394
1535 1767 93394
544 1925 93394
1036 465 93394
1143 179 93394
1080 2107 93394
1344 1194 93394
1751 906 93394
1533 1293 93394
1433 1889 93394
2366 2023 93394
870 538 93394
783 287 93394
1522 339 93394
1836 65 93394
215 2320 93394
798 2332 93394
615 1315 93394
304 449 93394
1583 1641 93394
1070 675 93394
703 584 93394
1119 928 93394
2184 2115 93394
1332 1747 93394
612 1779 93394
1626 876 93394
1132 2095 93394
1605 498 93394
1701 664 93394
936 435 93394
453 1211 93394
2213 972 93394
1545 2191 93394
1617 68 93394
1108 2372 93394
519 1985 93394
311 369 93394
1739 909 93394
2253 1588 93394
2357 1533 93394
2207 1809 93394
626 1930 93394
1127 1015 93394
1388 157 93394
193 1951 93394
1286 2138 93394
1581 274 93394
2040 863 93394
1261 1941 93394
1122 1126 93394
2194 474 93394
103 151 93394
1414 2226 93394
1844 563 93394
1587 358 93394
538 204 93394
1604 524 93394
1200 649 93394
1184 1182 93394
343 1279 93394
737 859 93394
2081 1729 93394
2377 1518 93394
2104 2078 93394
1686 875 93394
1378 129 93394
445 777 93394
30 1926 93394
1616 889 93394
476 1026 93394
1477 311 93394
2265 1984 93394
1520 668 93394
57 2413 93394
1336 737 93394
773 1324 93394
1911 1668 93394
1307 937 93394
2473 2419 93394
1194 738 93394
1273 490 93394
248 407 93394
684 721 93394
87 355 93394
941 886 93394
947 2209 93394
1525 2026 93394
409 2491 93394
1461 1382 93394
2248 651 93394
1977 1513 93394
2192 353 93394
624 1336 93394
2281 33 93394
836 596 93394
2257 1754 93394
1719 956 93394
1619 1773 93394
660 421 93394
297 667 93394
2339 1135 93394
1038 2360 93394
2138 1599 93394
360 2011 93394
2113 215 93394
753 1549 93394
83 1728 93394
403 1436 93394
1098 567 93394
1335 1661 93394
417 2197 93394
1730 1381 93394
852 779 93394
1117 1523 93394
2168 910 93394
1695 1202 93394
2170 1891 93394
2442 1442 93394
2415 1469 93394
1141 1379 93394
829 206 93394
2047 1864 93394
1923 795 93394
1807 572 93394
382 1621 93394
1244 1000 93394
1983 788 93394
825 2441 93394
2199 676 93394
2365 852 93394
1541 1012 93394
1208 1550 93394
2401 1504 93394
2390 2185 93394
1553 175 93394
1368 1329 93394
2241 1294 93394
2399 1570 93394
2272 1878 93394
1144 166 93394
2242 224 93394
1793 653 93394
1374 1615 93394
475 2166 93394
1834 1972 93394
1257 2141 93394
1870 357 93394
1959 1576 93394
1565 301 93394
2484 1089 93394
596 1371 93394
21 2388 93394
1964 1235 93394
518 1166 93394
486 2051 93394
873 2299 93394
250 797 93394
1822 425 93394
91 2052 93394
2015 1148 93394
1015 1220 93394
345 2281 93394
44 831 93394
96 1910 93394
986 265 93394
157 1188 93394
330 1383 93394
720 59 93394
2386 701 93394
535 2294 93394
755 1822 93394
1683 1217 93394
1824 546 93394
1776 1524 93394
551 1048 93394
2464 1666 93394
1137 2351 93394
1189 1886 93394
1250 1860 93394
805 772 93394
2387 212 93394
1114 665 93394
177 477 93394
2238 2101 93394
1077 2167 93394
406 882 93394
2266 283 93394
2026 2135 93394
2087 2346 93394
113 952 93394
994 2252 93394
1448 501 93394
676 2017 93394
690 640 93394
329 977 93394
1355 2324 93394
1010 1573 93394
987 1572 93394
606 753 93394
1394 1143 93394
1519 1110 93394
810 1053 93394
2030 1796 93394
2218 2292 93394
1009 74 93394
522 2475 93394
635 982 93394
1564 132 93394
214 1475 93394
586 1481 93394
1488 1751 93394
2016 757 93394
1057 2445 93394
1507 2075 93394
937 442 93394
719 2212 93394
23 1735 93394
537 1825 93394
2096 1893 93394
546 1334 93394
488 1201 93394
924 1787 93394
687 438 93394
1358 508 93394
828 1835 93394
173 849 93394
1042 1611 93394
2330 2126 93394
1669 1999 93394
2456 124 93394
643 1828 93394
58 1106 93394
997 1617 93394
1555 1619 93394
2324 1752 93394
2132 1608 93394
672 2235 93394
1529 1101 93394
913 1937 93394
1625 1121 93394
223 2192 93394
1369 1345 93394
885 1715 93394
582 916 93394
2083 1530 93394
1082 943 93394
540 364 93394
1323 1600 93394
655 1991 93394
792 1656 93394
880 1158 93394
38 644 93394
9 247 93394
2120 1095 93394
2423 1880 93394
943 208 93394
209 1823 93394
1698 826 93394
944 145 93394
1734 194 93394
1296 1366 93394
903 998 93394
2500 1 95895
1952 1225 93394
32 256 93394
591 2257 93394
1213 1024 93394
2020 635 93394
1576 1500 93394
167 2264 93394
2332 2363 93394
2186 1007 93394
320 1067 93394
278 2355 93394
2410 1004 93394
1594 1347 93394
1293 1842 93394
898 1917 93394
1752 1215 93394
785 1519 93394
348 315 93394
744 2090 93394
2160 1857 93394
1165 1665 93394
1090 556 93394
1738 1084 93394
1081 277 93394
975 1571 93394
1087 2174 93394
2408 320 93394
319 1967 93394
1402 1719 93394
1655 1478 93394
689 486 93394
1717 1273 93394
1254 545 93394
1221 1082 93394
1226 1856 93394
478 1969 93394
15 1756 93394
309 2206 93394
627 2389 93394
1902 1721 93394
2480 2396 93394
821 1177 93394
2211 1679 93394
268 2298 93394
239 2460 93394
2481 796 93394
293 153 93394
1678 1577 93394
432 1812 93394
1681 1712 93394
1484 927 93394
1831 1303 93394
2156 1833 93394
645 2436 93394
418 1191 93394
2060 372 93394
2287 1526 93394
1473 228 93394
1219 1193 93394
28 1213 93394
1225 201 93394
202 2050 93394
1613 267 93394
1274 718 93394
1436 2467 93394
1434 694 93394
1660 1682 93394
581 1304 93394
2496 1939 93394
2476 2364 93394
2384 93 93394
1546 1254 93394
2367 246 93394
1612 657 93394
2001 892 93394
2216 1887 93394
2321 1450 93394
632 1453 93394
910 195 93394
218 1042 93394
2303 1103 93394
2049 1826 93394
124 96 93394
493 1255 93394
1737 343 93394
1372 512 93394
1289 1950 93394
2277 94 93394
41 1373 93394
1709 1470 93394
2053 1128 93394
1944 707 93394
1578 186 93394
691 2407 93394
429 1846 93394
1321 2223 93394
1637 1853 93394
428 126 93394
1237 1558 93394
2050 2429 93394
272 1098 93394
1178 1484 93394
1790 1286 93394
2426 2153 93394
2486 269 93394
2017 1378 93394
1228 1536 93394
1032 1380 93394
506 923 93394
2107 965 93394
784 523 93394
1700 53 93394
988 310 93394
2158 2484 93394
2095 231 93394
1086 988 93394
2418 552 93394
1547 1683 93394
1873 460 93394
1076 1406 93394
547 95 93394
974 784 93394
886 1538 93394
802 1672 93394
1666 1214 93394
1431 2322 93394
2383 911 93394
1658 1873 93394
2391 76 93394
1316 735 93394
921 2482 93394
2352 220 93394
2222 2431 93394
2129 1882 93394
673 1836 93394
874 473 93394
781 2216 93394
1384 422 93394
160 2036 93394
2468 150 93394
1833 2015 93394
1116 426 93394
183 2490 93394
1281 1750 93394
1357 1769 93394
386 2194 93394
2427 589 93394
512 1349 93394
1972 428 93394
1233 101 93394
614 1522 93394
639 1212 93394
1088 1755 93394
1723 282 93394
2124 383 93394
2137 759 93394
1674 1108 93394
328 729 93394
2061 1620 93394
421 2202 93394
1726 1918 93394
1348 2171 93394
49 1405 93394
1405 1801 93394
1532 1911 93394
295 1491 93394
1315 1839 93394
1317 1868 93394
2249 1230 93394
1400 1707 93394
410 1687 93394
2343 75 93394
441 2356 93394
366 1649 93394
1008 1776 93394
1460 1412 93394
1950 539 93394
846 1200 93394
112 205 93394
1852 227 93394
894 1072 93394
1798 2155 93394
1636 2400 93394
2228 1708 93394
37 1862 93394
228 611 93394
1485 1578 93394
1421 598 93394
2011 2310 93394
1270 2221 93394
1754 71 93394
607 1879 93394
2112 1959 93394
1707 2417 93394
74 809 93394
2209 922 93394
573 1503 93394
560 2325 93394
85 1093 93394
1994 2087 93394
1672 2059 93394
1795 1063 93394
84 1035 93394
1263 102 93394
2144 951 93394
845 647 93394
1651 999 93394
86 978 93394
56 526 93394
395 1261 93394
1820 2465 93394
896 2489 93394
1949 769 93394
2393 2144 93394
353 2427 93394
2215 782 93394
505 334 93394
1650 1083 93394
832 1733 93394
715 1995 93394
1694 415 93394
443 196 93394
786 1039 93394
1861 789 93394
1238 384 93394
2490 801 93394
2450 2240 93394
53 2449 93394
1857 138 93394
959 766 93394
324 2195 93394
234 1390 93394
666 2405 93394
298 822 93394
960 2269 93394
1842 2341 93394
1102 672 93394
831 1137 93394
2187 1252 93394
531 1208 93394
77 480 93394
498 7 93394
2239 814 93394
883 1702 93394
2448 2233 93394
2276 141 93394
834 229 93394
935 161 93394
369 1051 93394
1482 2158 93394
127 609 93394
361 2009 93394
435 1888 93394
2279 569 93394
165 1731 93394
1960 494 93394
2302 1548 93394
1990 714 93394
2290 711 93394
1500 1616 93394
2155 897 93394
1808 241 93394
495 1367 93394
1000 1604 93394
1186 781 93394
2308 901 93394
137 1778 93394
801 903 93394
2392 1637 93394
16 511 93394
992 677 93394
970 642 93394
768 2426 93394
674 1474 93394
444 2072 93394
241 1855 93394
260 266 93394
95 717 93394
1721 1199 93394
1278 533 93394
1214 1705 93394
2152 2133 93394
1295 1327 93394
2320 798 93394
2231 712 93394
341 996 93394
1503 1718 93394
1803 16 93394
451 378 93394
611 1935 93394
2210 974 93394
918 2034 93394
1269 2406 93394
1662 2172 93394
332 540 93394
1268 1408 93394
1591 793 93394
1682 1980 93394
2070 113 93394
2495 573 93394
552 1309 93394
290 1805 93394
368 2025 93394
2260 309 93394
1785 1624 93394
470 2275 93394
2225 612 93394
73 1521 93394
258 1259 93394
203 1638 93394
2140 929 93394
1271 605 93394
154 1528 93394
2035 2403 93394
1306 994 93394
2103 436 93394
1035 1006 93394
1518 1962 93394
489 607 93394
2037 259 93394
1379 270 93394
352 1204 93394
1691 1465 93394
39 1080 93394
1133 917 93394
1494 1955 93394
2094 2309 93394
2389 1912 93394
253 1786 93394
277 2359 93394
1679 883 93394
1424 2440 93394
466 1064 93394
2498 405 93394
469 454 93394
440 1639 93394
629 2156 93394
2436 437 93394
412 1973 93394
1125 2244 93394
830 1894 93394
2359 751 93394
1020 1902 93394
1290 1396 93394
233 13 93394
1843 1479 93394
622 1865 93394
2086 222 93394
2154 938 93394
1653 1280 93394
46 1480 93394
708 1250 93394
2116 2329 93394
1396 242 93394
1149 1685 93394
357 2404 93394
561 1711 93394
889 1120 93394
461 704 93394
117 376 93394
1401 1021 93394
1403 565 93394
2208 1818 93394
1514 1258 93394
1781 754 93394
697 66 93394
808 1574 93394
162 1231 93394
2046 1009 93394
1462 1537 93394
772 1854 93394
589 458 93394
1181 1113 93394
1690 243 93394
1209 1458 93394
1420 1289 93394
1041 2129 93394
2023 78 93394
1406 2424 93394
191 484 93394
1821 232 93394
11 2016 93394
890 702 93394
869 296 93394
982 1907 93394
424 4 93394
143 1932 93394
389 1843 93394
1438 591 93394
1806 1622 93394
1631 149 93394
686 2254 93394
2487 367 93394
464 2188 93394
1205 2248 93394
204 1428 93394
1053 654 93394
1298 1512 93394
972 1845 93394
2363 1945 93394
1736 1171 93394
1346 1385 93394
1151 2432 93394
1817 2459 93394
1573 2250 93394
603 2234 93394
748 2094 93394
1380 1759 93394
76 2387 93394
2271 1566 93394
2008 1990 93394
460 43 93394
2204 1116 93394
2479 1328 93394
1204 1376 93394
749 127 93394
119 579 93394
797 365 93394
2445 1377 93394
2118 1455 93394
2433 1883 93394
1100 1720 93394
1841 483 93394
955 325 93394
1537 2053 93394
732 2201 93394
408 868 93394
1007 2357 93394
1207 1070 93394
747 168 93394
2492 1456 93394
327 36 93394
1749 399 93394
2082 674 93394
618 2132 93394
592 1299 93394
1329 1071 93394
363 1123 93394
1159 2422 93394
2185 1162 93394
1659 703 93394
800 963 93394
1729 1308 93394
542 1292 93394
2151 1317 93394
1816 2193 93394
557 705 93394
2313 459 93394
1741 1561 93394
333 1983 93394
848 593 93394
2452 1443 93394
1444 317 93394
481 1678 93394
1210 749 93394
1568 947 93394
761 2457 93394
646 2448 93394
1897 1466 93394
1375 893 93394
149 1916 93394
710 1490 93394
1929 1022 93394
712 2251 93394
1331 1645 93394
1647 1485 93394
2234 107 93394
465 713 93394
36 1807 93394
2062 64 93394
1499 794 93394
316 969 93394
70 1788 93394
1853 1598 93394
714 588 93394
923 2391 93394
1047 290 93394
2045 924 93394
1166 2190 93394
2226 321 93394
532 1811 93394
1190 1989 93394
1033 945 93394
1906 904 93394
521 1391 93394
867 1287 93394
767 1075 93394
2329 1724 93394
2458 2455 93394
2172 2306 93394
956 2145 93394
1510 1742 93394
294 2214 93394
232 2105 93394
111 223 93394
940 961 93394
1879 2260 93394
1813 1420 93394
1062 1834 93394
245 1066 93394
64 423 93394
449 1924 93394
1404 806 93394
2309 261 93394
759 2493 93394
866 758 93394
2432 6 93394
1121 1743 93394
1211 543 93394
452 979 93394
308 70 93394
2024 2077 93394
2470 686 93394
275 660 93394
1562 1198 93394
2090 104 93394
855 286 93394
335 32 93394
1548 878 93394
1969 1031 93394
1496 1832 93394
1609 356 93394
2127 2232 93394
340 542 93394
344 1971 93394
82 1507 93394
1018 1837 93394
529 1583 93394
678 479 93394
2092 770 93394
2119 2409 93394
1078 401 93394
907 1444 93394
116 670 93394
782 191 93394
1998 634 93394
1697 505 93394
2180 2199 93394
1297 1131 93394
1699 2319 93394
26 1173 93394
1851 328 93394
1265 592 93394
1867 239 93394
815 2480 93394
301 143 93394
1592 566 93394
1061 487 93394
2275 1800 93394
1957 323 93394
1791 1339 93394
958 1342 93394
2181 324 93394
2173 1631 93394
392 236 93394
2349 1770 93394
2407 12 93394
2301 173 93394
1466 531 93394
1169 1579 93394
1006 1765 93394
2102 302 93394
2491 169 93394
1489 112 93394
2161 971 93394
803 525 93394
739 2241 93394
1217 574 93394
236 1961 93394
555 1269 93394
1383 1978 93394
1179 837 93394
844 2001 93394
186 2462 93394
2409 493 93394
2169 1426 93394
1770 1109 93394
1172 1543 93394
2078 1073 93394
427 2242 93394
1606 2159 93394
1109 839 93394
2312 787 93394
926 1094 93394
1029 521 93394
1881 1040 93394
1908 1514 93394
1222 285 93394
1743 2461 93394
1023 821 93394
289 1610 93394
584 1332 93394
862 26 93394
795 2263 93394
448 1601 93394
2189 1710 93394
861 940 93394
255 1365 93394
292 1117 93394
281 2446 93394
1302 2340 93394
2314 1152 93394
1470 1437 93394
1479 2082 93394
1024 696 93394
1411 2282 93394
2066 1370 93394
1622 2104 93394
1415 953 93394
1187 217 93394
2179 374 93394
1363 1449 93394
1942 2287 93394
2163 197 93394
1299 1124 93394
1413 720 93394
671 921 93394
1276 536 93394
1367 551 93394
2454 1545 93394
1099 1913 93394
2462 872 93394
156 1454 93394
775 1676 93394
1837 1551 93394
194 627 93394
2108 1086 93394
743 1440 93394
2188 1228 93394
1814 698 93394
170 1844 93394
908 297 93394
1641 986 93394
1783 1934 93394
1922 2148 93394
2354 21 93394
893 341 93394
536 397 93394
2098 1838 93394
1953 1264 93394
2295 1976 93394
1291 950 93394
871 2497 93394
1075 1554 93394
1878 765 93394
2461 959 93394
2072 395 93394
438 618 93394
794 31 93394
247 792 93394
1979 681 93394
496 2430 93394
1212 2067 93394
216 2421 93394
1373 326 93394
1429 2064 93394
291 864 93394
12 432 93394
462 1802 93394
841 1350 93394
2183 1463 93394
394 896 93394
1760 1196 93394
1702 83 93394
2091 258 93394
1888 2358 93394
153 1908 93394
1549 1027 93394
799 820 93394
1440 646 93394
1528 1169 93394
1198 294 93394
1192 420 93394
608 1885 93394
302 1398 93394
1740 1849 93394
1218 1326 93394
1334 331 93394
881 1922 93394
2319 349 93394
2063 1236 93394
1426 2203 93394
52 1529 93394
434 2486 93394
99 156 93394
472 1813 93394
384 2279 93394
1142 1076 93394
2429 2176 93394
252 146 93394
13 2043 93394
1387 2039 93394
2485 2187 93394
1310 1077 93394
89 464 93394
1566 147 93394
2274 54 93394
548 2062 93394
854 192 93394
2202 167 93394
837 1667 93394
1597 1502 93394
48 2014 93394
2494 1563 93394
568 962 93394
1927 51 93394
508 544 93394
307 1652 93394
1073 1323 93394
158 2228 93394
405 2425 93394
172 1399 93394
367 398 93394
516 163 93394
1794 2068 93394
2133 1163 93394
1083 1489 93394
450 313 93394
266 362 93394
4 187 93394
1229 1209 93394
663 597 93394
1918 1899 93394
2466 948 93394
534 118 93394
2097 116 93394
1531 368 93394
447 185 93394
517 771 93394
376 1890 93394
1145 1717 93394
2142 406 93394
812 2249 93394
2323 1654 93394
658 1241 93394
1989 1897 93394
1900 444 93394
1645 628 93394
2039 1112 93394
1095 1738 93394
736 1595 93394
1490 1831 93394
238 1768 93394
1958 2081 93394
1266 1493 93394
1407 502 93394
256 2179 93394
2318 1806 93394
1341 1362 93394
104 616 93394
569 2065 93394
1048 1459 93394
385 1553 93394
1570 1923 93394
2420 2347 93394
456 655 93394
636 1870 93394
1875 2163 93394
858 97 93394
1945 636 93394
1455 44 93394
1856 2452 93394
2146 548 93394
144 1087 93394
2099 2314 93394
1796 1238 93394
2459 462 93394
90 46 93394
312 1629 93394
694 1559 93394
2267 2469 93394
1504 1655 93394
1689 1695 93394
2012 40 93394
269 2116 93394
1139 829 93394
1508 2037 93394
398 621 93394
1390 1346 93394
1984 2086 93394
2288 997 93394
1773 1205 93394
1608 416 93394
1319 469 93394
865 767 93394
1308 27 93394
1926 193 93394
634 1243 93394
1197 1992 93394
2262 1224 93394
1899 433 93394
541 396 93394
1255 908 93394
1599 774 93394
1887 273 93394
2084 1508 93394
276 2084 93394
1097 1435 93394
2326 1244 93394
2322 235 93394
872 1901 93394
951 816 93394
1450 1662 93394
14 499 93394
1671 723 93394
2421 936 93394
1800 1612 93394
2311 1457 93394
1147 2256 93394
2067 463 93394
1802 1858 93394
1416 2268 93394
2465 537 93394
1644 1777 93394
2147 491 93394
2224 2333 93394
94 933 93394
1183 630 93394
391 688 93394
1458 637 93394
985 1047 93394
2191 2200 93394
415 1993 93394
1720 1850 93394
657 1943 93394
580 1338 93394
1634 1043 93394
914 105 93394
961 1921 93394
1393 2411 93394
141 452 93394
2296 680 93394
1812 1867 93394
1085 144 93394
1012 1680 93394
528 835 93394
207 570 93394
752 1696 93394
1154 577 93394
1241 2442 93394
221 728 93394
474 813 93394
1251 183 93394
1540 942 93394
1160 135 93394
669 47 93394
659 448 93394
342 393 93394
2315 2344 93394
979 2215 93394
1614 912 93394
61 763 93394
2299 1226 93394
556 824 93394
1412 575 93394
2258 1183 93394
1569 1964 93394
1456 1445 93394
853 85 93394
1787 2296 93394
72 807 93394
1551 1633 93394
262 891 93394
2075 2108 93394
827 2186 93394
220 226 93394
197 303 93394
1863 1423 93394
807 622 93394
1996 1919 93394
499 117 93394
1976 1540 93394
1445 1483 93394
397 60 93394
1574 431 93394
1948 733 93394
206 811 93394
1915 291 93394
859 18 93394
235 2477 93394
1277 650 93394
818 1996 93394
1435 17 93394
2029 1154 93394
1987 408 93394
1767 919 93394
2261 690 93394
1967 1368 93394
1153 985 93394
1230 1424 93394
952 1606 93394
793 19 93394
2437 2315 93394
954 1400 93394
371 2088 93394
126 1387 93394
949 2183 93394
1801 1141 93394
2497 2265 93394
1469 430 93394
1925 2397 93394
2247 1461 93394
2135 2119 93394
1131 379 93394
1318 1105 93394
2400 1295 93394
1840 2041 93394
2054 350 93394
1309 1427 93394
1395 1278 93394
621 1546 93394
2100 615 93394
480 14 93394
2316 23 93394
315 626 93394
1930 658 93394
27 984 93394
760 825 93394
1999 846 93394
1176 429 93394
922 869 93394
628 663 93394
2460 812 93394
271 1257 93394
1506 990 93394
261 457 93394
1652 1136 93394
2372 381 93394
713 1648 93394
1111 2323 93394
1571 1542 93394
132 346 93394
633 2170 93394
373 404 93394
1657 1229 93394
321 172 93394
1711 2134 93394
92 1164 93394
1275 2390 93394
285 2054 93394
17 1791 93394
1884 827 93394
577 2415 93394
2472 885 93394
282 10 93394
1744 925 93394
1993 1646 93394
230 1714 93394
973 363 93394
1353 1354 93394
1724 1210 93394
707 2373 93394
1550 1597 93394
718 79 93394
2014 1938 93394
897 2114 93394
1449 2160 93394
1417 2154 93394
851 684 93394
1021 810 93394
543 1291 93394
1443 2382 93394
65 2378 93394
1016 1100 93394
1596 818 93394
1354 2474 93394
257 148 93394
1538 2371 93394
1731 2005 93394
1148 2091 93394
2397 1139 93394
2212 683 93394
764 1723 93394
378 2331 93394
51 716 93394
2412 1933 93394
1894 1407 93394
762 1002 93394
299 1819 93394
1580 410 93394
263 119 93394
545 293 93394
1311 1603 93394
1365 492 93394
1171 1766 93394
668 1341 93394
1839 318 93394
2219 1060 93394
1733 2000 93394
1107 2092 93394
1 1591 93394
1710 90 93394
1264 768 93394
1826 1203 93394
953 1190 93394
274 360 93394
1392 1281 93394
939 199 93394
2425 2374 93394
401 100 93394
1134 2255 93394
1472 1956 93394
1947 2008 93394
1030 1664 93394
642 880 93394
1623 1975 93394
1385 1804 93394
88 1447 93394
640 345 93394
2360 2311 93394
1868 500 93394
2346 884 93394
2348 1394 93394
625 2418 93394
1135 275 93394
765 1240 93394
1914 89 93394
564 152 93394
1986 2149 93394
2018 1789 93394
2110 1172 93394
1892 2109 93394
1810 81 93394
1928 281 93394
2111 1764 93394
473 989 93394
303 333 93394
2048 1129 93394
181 2285 93394
420 2330 93394
507 786 93394
1288 581 93394
1126 2035 93394
1093 1467 93394
1811 272 93394
1848 2286 93394
1011 1351 93394
1735 532 93394
664 1644 93394
1441 1219 93394
2051 2266 93394
1361 851 93394
716 1402 93394
1557 2161 93394
2285 2321 93394
1031 601 93394
225 2130 93394
31 2349 93394
1919 1657 93394
2374 823 93394
2416 1927 93394
1556 1357 93394
1871 30 93394
305 174 93394
231 1763 93394
1818 98 93394
138 902 93394
1832 481 93394
1167 1987 93394
1846 669 93394
912 1557 93394
909 1155 93394
2117 623 93394
346 1091 93394
1312 939 93394
2123 125 93394
1339 1348 93394
2439 1817 93394
892 2288 93394
996 1096 93394
1896 1780 93394
1478 1914 93394
259 1898 93394
1453 513 93394
1495 867 93394
1505 109 93394
229 1068 93394
34 2122 93394
1692 2031 93394
1838 632 93394
1202 958 93394
1973 804 93394
1966 739 93394
184 2379 93394
2 443 93394
1762 946 93394
2176 347 93394
1703 2376 93394
485 2231 93394
2471 931 93394
264 1168 93394
857 352 93394
1705 918 93394
134 791 93394
692 1958 93394
436 1892 93394
2381 1395 93394
1761 692 93394
567 785 93394
107 549 93394
254 366 93394
1633 900 93394
816 1134 93394
2373 2182 93394
514 964 93394
211 661 93394
1051 417 93394
1756 976 93394
2307 1884 93394
362 218 93394
942 1630 93394
2069 1487 93394
613 1734 93394
699 1520 93394
991 34 93394
1768 308 93394
756 1414 93394
704 2393 93394
1442 881 93394
2197 855 93394
884 888 93394
2306 25 93394
284 1693 93394
492 1008 93394
174 1820 93394
849 1092 93394
1337 88 93394
2317 1409 93394
425 1793 93394
212 2301 93394
723 1307 93394
1615 1045 93394
2182 1741 93394
888 682 93394
571 1189 93394
1663 1492 93394
2059 2381 93394
1223 1722 93394
617 2048 93394
1575 249 93394
594 24 93394
1747 873 93394
33 967 93394
1603 307 93394
1343 377 93394
1667 2124 93394
989 562 93394
1924 1473 93394
1845 2178 93394
1203 1353 93394
1410 838 93394
2005 84 93394
1170 1775 93394
515 620 93394
527 142 93394
446 715 93394
510 2189 93394
150 1614 93394
1912 1438 93394
2229 2099 93394
1234 1305 93394
1598 1032 93394
734 652 93394
1676 1179 93394
1347 213 93394
201 1216 93394
22 1499 93394
192 819 93394
1267 2481 93394
1475 1017 93394
1005 941 93394
826 382 93394
1359 336 93394
919 110 93394
754 254 93394
2370 802 93394
667 1954 93394
1951 2127 93394
93 2123 93394
490 1506 93394
706 1944 93394
682 361 93394
1180 1001 93394
1376 2106 93394
1419 1119 93394
120 1360 93394
494 1415 93394
2443 1636 93394
1191 1282 93394
283 1749 93394
2446 845 93394
2483 122 93394
2350 645 93394
524 1560 93394
863 260 93394
2121 1783 93394
763 2343 93394
1563 49 93394
71 1928 93394
1430 1896 93394
1579 871 93394
2403 2434 93394
372 1343 93394
995 842 93394
1320 1150 93394
175 966 93394
2036 1815 93394
2201 1623 93394
2385 1276 93394
2109 221 93394
1027 402 93394
727 61 93394
1389 1963 93394
1849 1675 93394
902 695 93394
1091 1069 93394
1954 2010 93394
1670 2049 93394
1830 1909 93394
553 335 93394
2358 1555 93394
1516 1462 93394
899 1953 93394
520 638 93394
619 1218 93394
2284 332 93394
1552 207 93394
620 2354 93394
377 485 93394
106 2304 93394
2153 1325 93394
244 764 93394
1864 1114 93394
1643 1248 93394
1946 1401 93394
680 1505 93394
166 934 93394
741 1288 93394
804 2196 93394
1066 392 93394
530 1018 93394
1084 1965 93394
2106 2500 93394
1693 2056 93394
1292 1784 93394
788 604 93394
891 2044 93394
1328 2327 93394
2457 2136 93394
430 1824 93394
1474 1761 93394
2449 1130 93394
2000 2386 93394
390 1744 93394
1629 514 93394
265 1061 93394
1092 1037 93394
1765 2471 93394
2203 2444 93394
2056 619 93394
2474 114 93394
675 2277 93394
1464 840 93394
2300 1674 93394
347 1046 93394
155 2217 93394
1409 1262 93394
2477 1102 93394
1146 1331 93394
501 1609 93394
2165 2361 93394
1968 960 93394
1763 1149 93394
1858 2253 93394
2475 1310 93394
2068 1384 93394
1764 2278 93394
2193 2219 93394
2347 8 93394
1943 1363 93394
187 133 93394
458 1358 93394
814 2270 93394
2150 2239 93394
222 2456 93394
151 614 93394
1284 344 93394
1823 1079 93394
967 1223 93394
570 11 93394
966 1840 93394
189 2369 93394
10 603 93394
928 2291 93394
337 2317 93394
407 2308 93394
1199 2487 93394
1352 1482 93394
2293 2151 93394
1895 2399 93394
1855 1544 93394
1995 1904 93394
1201 2198 93394
1282 255 93394
796 385 93394
2356 155 93394
809 1677 93394
1069 2102 93394
2044 359 93394
1988 2147 93394
1232 790 93394
133 685 93394
123 2261 93394
2447 1170 93394
2255 1704 93394
920 529 93394
1512 2111 93394
1054 608 93394
1893 1133 93394
1052 844 93394
1961 2229 93394
237 2420 93394
1175 42 93394
1829 1772 93394
1425 389 93394
2205 314 93394
2021 300 93394
68 1178 93394
105 130 93394
1527 1703 93394
1068 1497 93394
1227 580 93394
1249 1388 93394
1661 803 93394
679 2063 93394
2364 1403 93394
2289 744 93394
190 1562 93394
2252 237 93394
1216 1496 93394
2244 1782 93394
2003 1625 93394
205 1302 93394
2328 1495 93394
2206 834 93394
539 1525 93394
695 189 93394
562 1650 93394
1815 641 93394
147 1852 93394
2141 1746 93394
388 1165 93394
146 1404 93394
600 1556 93394
523 727 93394
1600 995 93394
98 2112 93394
2042 944 93394
1677 2103 93394
978 1713 93394
164 2019 93394
1786 726 93394
1150 656 93394
273 342 93394
1314 2280 93394
122 1411 93394
1071 617 93394
2230 731 93394
1515 1947 93394
1301 1539 93394
2388 69 93394
705 1785 93394
1074 1706 93394
1539 2177 93394
1174 833 93394
1595 877 93394
318 1691 93394
243 1701 93394
1446 1416 93394
1206 2468 93394
916 1977 93394
2058 1352 93394
195 700 93394
1014 857 93394
1360 2273 93394
513 209 93394
1439 1284 93394
637 2142 93394
169 2289 93394
906 799 93394
731 528 93394
423 590 93394
774 2494 93394
1055 1905 93394
856 1446 93394
431 2033 93394
780 1762 93394
2149 554 93394
471 930 93394
662 1298 93394
1572 576 93394
1687 519 93394
585 1700 93394
313 295 93394
576 1471 93394
1511 894 93394
1971 2392 93394
2254 586 93394
179 403 93394
1825 1029 93394
1156 2342 93394
45 1140 93394
1780 1237 93394
946 1028 93394
433 1671 93394
1224 1144 93394
688 2313 93394
63 2213 93394
251 2055 93394
962 2162 93394
981 2093 93394
977 1628 93394
349 970 93394
1890 830 93394
1668 2458 93394
1195 1267 93394
1079 1185 93394
2220 2246 93394
2402 1107 93394
159 1726 93394
145 2069 93394
455 1147 93394
459 394 93394
1243 516 93394
1956 1256 93394
1381 624 93394
1654 1439 93394
1907 2121 93394
750 1181 93394
43 2447 93394
771 1010 93394
502 724 93394
693 216 93394
393 1014 93394
2166 29 93394
1423 1988 93394
2327 253 93394
1004 755 93394
2379 1311 93394
1607 1627 93394
1163 257 93394
1498 234 93394
2463 1585 93394
317 1670 93394
142 659 93394
1399 58 93394
50 2180 93394
1593 1607 93394
213 973 93394
2376 1197 93394
334 1429 93394
1916 1074 93394
1094 240 93394
590 1410 93394
267 447 93394
1432 898 93394
152 687 93394
2362 2271 93394
817 708 93394
1941 230 93394
738 1059 93394
109 390 93394
2148 2401 93394
176 2472 93394
171 2454 93394
1708 1222 93394
1247 1167 93394
1934 478 93394
2430 752 93394
574 980 93394
990 1176 93394
1063 1340 93394
1940 386 93394
1017 411 93394
2270 1736 93394
1471 2066 93394
701 219 93394
1463 250 93394
66 915 93394
79 388 93394
1096 497 93394
1772 2498 93394
2076 2207 93394
1877 1986 93394
971 312 93394
2237 2100 93394
1828 2236 93394
1909 594 93394
2395 2350 93394
2488 2262 93394
549 2295 93394
683 409 93394
934 1417 93394
2310 1234 93394
588 673 93394
2268 625 93394
2337 2029 93394
1103 2433 93394
467 2496 93394
1398 2089 93394
964 808 93394
1045 981 93394
185 1960 93394
1991 1531 93394
2340 535 93394
411 1760 93394
2022 289 93394
1582 136 93394
878 120 93394
1193 1330 93394
2101 1915 93394
2375 108 93394
1481 1104 93394
2178 322 93394
414 1375 93394
2064 746 93394
1630 2258 93394
2093 427 93394
976 2083 93394
1162 1509 93394
730 1946 93394
2431 1054 93394
1487 582 93394
1567 455 93394
610 57 93394
1543 2085 93394
915 2157 93394
5 262 93394
129 1640 93394
2065 475 93394
824 184 93394
