2500 2501 0
1391 1929 100000
886 8 100000
2093 714 100000
1485 1554 100000
21 1701 100000
2425 1528 100000
1719 2437 100000
890 19 100000
1465 1103 100000
687 1697 100000
956 1352 100000
1171 1629 100000
2023 2146 100000
1720 2175 100000
2141 326 100000
1291 1322 100000
2065 1060 100000
1782 1282 100000
1410 2261 100000
1887 1144 100000
76 1934 100000
583 1003 100000
163 1609 100000
844 416 100000
1538 819 100000
1967 111 100000
1971 673 100000
691 159 100000
2016 225 100000
1039 2127 100000
414 1908 100000
468 2279 100000
2076 384 100000
1801 2491 100000
1947 596 100000
1933 1657 100000
688 1418 100000
690 1151 100000
2204 1896 100000
239 331 100000
712 1042 100000
815 2348 100000
347 759 100000
616 976 100000
425 1536 100000
1072 228 100000
2395 539 100000
1687 1531 100000
1619 615 100000
700 1658 100000
1682 1348 100000
2323 2217 100000
2168 1798 100000
834 2077 100000
2465 1591 100000
554 2361 100000
662 1734 100000
521 429 100000
9 1803 100000
1351 1465 100000
8 910 100000
758 2360 100000
589 2463 100000
441 482 100000
2411 1497 100000
2383 311 100000
265 2350 100000
2251 1357 100000
2170 1204 100000
741 1092 100000
838 1719 100000
594 1170 100000
2280 2468 100000
1862 1928 100000
321 1034 100000
851 886 100000
1819 1094 100000
1734 769 100000
427 868 100000
2133 1127 100000
1610 656 100000
201 922 100000
487 2171 100000
1169 2078 100000
2359 2115 100000
1249 1894 100000
1988 1312 100000
969 94 100000
917 679 100000
708 422 100000
2134 1522 100000
357 1802 100000
2244 2047 100000
1 913 100000
1199 22 100000
572 1273 100000
1000 1912 100000
444 729 100000
2423 1916 100000
1675 104 100000
1288 1213 100000
37 784 100000
1770 1576 100000
1331 2380 100000
1539 981 100000
101 946 100000
1479 1635 100000
1728 319 100000
1396 1988 100000
885 542 100000
104 1259 100000
1383 1467 100000
67 1315 100000
539 1672 100000
1170 2107 100000
2079 1848 100000
334 1208 100000
655 1867 100000
1033 2289 100000
2405 2359 100000
465 1913 100000
217 600 100000
1498 805 100000
1740 1711 100000
2335 715 100000
2487 324 100000
1783 1251 100000
2444 50 100000
386 1739 100000
1790 700 100000
862 397 100000
1865 134 100000
1368 1443 100000
438 242 100000
1105 796 100000
1827 1573 100000
463 955 100000
388 1949 100000
2069 1334 100000
1894 1799 100000
2248 1778 100000
1543 2282 100000
2211 2136 100000
2212 1932 100000
1337 1602 100000
702 510 100000
1756 2060 100000
2180 313 100000
1665 2019 100000
1813 2200 100000
2146 1344 100000
375 2473 100000
2174 1275 100000
337 177 100000
605 2043 100000
1259 1793 100000
473 1604 100000
785 1651 100000
1247 1222 100000
2370 2065 100000
674 534 100000
1463 772 100000
1919 1547 100000
1895 1917 100000
51 1388 100000
1650 2012 100000
1780 1085 100000
456 2176 100000
1333 1027 100000
760 654 100000
1148 2314 100000
873 1359 100000
809 870 100000
805 638 100000
1117 914 100000
439 1834 100000
1403 342 100000
352 559 100000
650 2215 100000
571 1639 100000
2394 1625 100000
1223 188 100000
1372 1494 100000
2298 2026 100000
2155 2257 100000
266 2402 100000
2283 2408 100000
1772 2212 100000
2049 2151 100000
110 368 100000
1273 1272 100000
2142 682 100000
2030 2238 100000
997 1024 100000
1158 1785 100000
1709 328 100000
2194 2464 100000
1893 1708 100000
220 1478 100000
2479 1363 100000
1916 568 100000
1935 855 100000
2316 2333 100000
216 1136 100000
2207 1592 100000
408 1493 100000
980 1331 100000
2245 749 100000
2302 766 100000
777 2132 100000
1742 2421 100000
1940 2211 100000
1928 2472 100000
1672 2500 100000
186 1323 100000
2416 2244 100000
591 2336 100000
1809 2097 100000
1685 1726 100000
57 1321 100000
486 761 100000
951 2075 100000
326 2197 100000
169 1403 100000
1807 1428 100000
2031 2320 100000
373 1594 100000
2203 375 100000
642 300 100000
2041 1670 100000
1342 2431 100000
948 803 100000
379 1993 100000
1843 1947 100000
1371 958 100000
1695 1054 100000
138 163 100000
579 118 100000
1673 611 100000
1707 1826 100000
1343 2481 100000
2328 1730 100000
262 733 100000
175 405 100000
325 451 100000
975 193 100000
1245 490 100000
318 1302 100000
1474 974 100000
228 617 100000
1567 1016 100000
2471 364 100000
1851 1010 100000
808 312 100000
2153 1163 100000
2408 1683 100000
1102 2293 100000
1209 2455 100000
1529 1360 100000
203 314 100000
787 1585 100000
1186 852 100000
2218 607 100000
1680 692 100000
1043 947 100000
588 625 100000
967 322 100000
479 174 100000
1224 1075 100000
877 1062 100000
519 1340 100000
780 1168 100000
1137 1674 100000
1966 1794 100000
1047 2270 100000
894 80 100000
2455 498 100000
2456 1426 100000
738 1143 100000
1857 1830 100000
1061 1420 100000
165 2487 100000
195 1775 100000
410 464 100000
1319 1414 100000
2462 1008 100000
1469 1189 100000
1500 1460 100000
1400 1975 100000
147 804 100000
390 1759 100000
471 1705 100000
2443 110 100000
536 1498 100000
1187 251 100000
494 2490 100000
606 1852 100000
1910 2417 100000
1153 1957 100000
2039 495 100000
1970 1367 100000
1882 1279 100000
222 1628 100000
1353 937 100000
91 1256 100000
38 983 100000
1795 1563 100000
713 646 100000
2385 509 100000
677 2416 100000
1902 2403 100000
1060 138 100000
1568 573 100000
1017 719 100000
461 1174 100000
1214 1500 100000
695 2062 100000
995 641 100000
46 1255 100000
1381 1413 100000
467 1565 100000
2369 900 100000
660 2189 100000
682 1782 100000
330 1156 100000
782 535 100000
2309 318 100000
1019 233 100000
1179 287 100000
1195 209 100000
144 483 100000
1926 1431 100000
716 857 100000
31 892 100000
245 26 100000
2363 1283 100000
236 2445 100000
932 648 100000
2044 217 100000
1702 808 100000
631 1265 100000
2260 1774 100000
477 1779 100000
2346 2383 100000
2035 206 100000
1864 1086 100000
764 281 100000
1730 1714 100000
85 1007 100000
159 751 100000
88 724 100000
1166 972 100000
396 856 100000
1216 1185 100000
2295 90 100000
1325 2409 100000
1188 341 100000
1350 1232 100000
1066 1298 100000
2102 794 100000
2167 2030 100000
537 583 100000
1028 1421 100000
151 1937 100000
1385 171 100000
929 571 100000
1621 943 100000
2120 1350 100000
1974 2138 100000
1316 1076 100000
1811 1570 100000
1309 2251 100000
1513 528 100000
817 89 100000
1503 898 100000
1251 1135 100000
353 585 100000
1432 1553 100000
2176 1057 100000
1614 1869 100000
1127 1018 100000
940 2068 100000
2305 329 100000
251 2087 100000
1629 1876 100000
970 2058 100000
962 298 100000
988 867 100000
986 2450 100000
864 2275 100000
2111 301 100000
732 378 100000
824 1679 100000
763 1813 100000
2325 2011 100000
506 2080 100000
1648 767 100000
2313 2400 100000
1031 651 100000
1308 2000 100000
1459 1419 100000
658 678 100000
1669 2499 100000
1330 1750 100000
879 1432 100000
460 1966 100000
502 1804 100000
692 2306 100000
507 725 100000
1398 837 100000
1038 1055 100000
1607 2203 100000
1486 842 100000
1524 970 100000
1196 1919 100000
2034 1137 100000
1620 1404 100000
1955 750 100000
1946 788 100000
1921 871 100000
1340 2269 100000
98 2230 100000
2087 296 100000
1453 1939 100000
814 252 100000
1993 771 100000
1194 2435 100000
2303 2471 100000
161 1727 100000
2417 1748 100000
374 659 100000
1185 1369 100000
570 712 100000
2269 278 100000
1296 1519 100000
1297 1659 100000
2256 1700 100000
2241 1568 100000
1983 421 100000
2026 2337 100000
2499 1044 100000
180 196 100000
423 2086 100000
1753 2310 100000
25 2001 100000
1957 1472 100000
478 2207 100000
2018 1437 100000
2161 203 100000
2143 1561 100000
1564 1355 100000
435 836 100000
1968 2124 100000
2426 304 100000
1759 1166 100000
2377 723 100000
1912 590 100000
1754 1520 100000
1049 1405 100000
1056 2355 100000
701 1068 100000
2409 2303 100000
781 186 100000
2215 2343 100000
821 2469 100000
1925 2255 100000
71 92 100000
1183 1821 100000
298 35 100000
1471 1741 100000
1327 1675 100000
333 515 100000
740 1924 100000
1683 58 100000
922 1958 100000
672 1051 100000
617 2370 100000
1386 838 100000
604 1304 100000
97 2252 100000
2273 2345 100000
963 1150 100000
2351 1918 100000
2460 2318 100000
392 2023 100000
729 37 100000
206 2422 100000
1016 2049 100000
1267 1014 100000
2259 1423 100000
80 1215 100000
484 1243 100000
2235 409 100000
1390 1434 100000
1681 309 100000
1641 2156 100000
1140 1235 100000
593 381 100000
1969 1633 100000
1717 2167 100000
964 1006 100000
657 1765 100000
619 445 100000
1035 1476 100000
545 82 100000
1126 1286 100000
480 728 100000
291 1095 100000
1005 1677 100000
1814 2367 100000
1252 1142 100000
1321 2198 100000
2074 2358 100000
2139 2247 100000
1306 1836 100000
1213 1300 100000
872 1837 100000
849 1198 100000
4 1436 100000
1816 1233 100000
2404 1424 100000
258 909 100000
2163 790 100000
1003 746 100000
292 2147 100000
819 1820 100000
1565 46 100000
1633 1236 100000
585 165 100000
2109 1731 100000
1129 2494 100000
2358 1445 100000
1203 107 100000
737 306 100000
2083 1250 100000
1808 79 100000
540 78 100000
2362 2239 100000
644 920 100000
933 1863 100000
2186 586 100000
2389 485 100000
512 1293 100000
367 1769 100000
79 626 100000
1951 919 100000
1880 2045 100000
1600 1252 100000
1642 860 100000
1255 1133 100000
679 1857 100000
290 934 100000
1059 1686 100000
1455 2165 100000
211 1955 100000
857 274 100000
999 1722 100000
661 212 100000
146 1073 100000
859 1696 100000
1605 439 100000
953 1005 100000
533 2427 100000
1314 738 100000
1023 1692 100000
2422 2356 100000
544 291 100000
626 1969 100000
1592 1351 100000
663 1159 100000
1051 706 100000
1145 156 100000
1634 1310 100000
2398 2398 1
1663 466 100000
2300 1374 100000
39 739 100000
24 471 100000
448 91 100000
1931 1459 100000
2130 195 100000
893 823 100000
204 1397 100000
1287 1661 100000
1048 666 100000
1972 1115 100000
1121 1797 100000
124 1203 100000
1666 961 100000
1067 1691 100000
858 504 100000
1932 2384 100000
2424 1474 100000
1831 672 100000
1492 2222 100000
1699 2281 100000
1290 1712 100000
1598 2305 100000
2437 1317 100000
1696 2135 100000
177 2034 100000
2287 1285 100000
1115 669 100000
2202 2083 100000
1989 344 100000
2288 1118 100000
1483 2315 100000
1768 489 100000
620 1758 100000
2468 1444 100000
1776 1991 100000
1462 2426 100000
622 2387 100000
1536 1527 100000
397 950 100000
1044 713 100000
1676 2425 100000
634 1501 100000
421 1608 100000
2193 192 100000
2131 128 100000
1310 2300 100000
1032 1248 100000
1240 1088 100000
1664 735 100000
1382 1071 100000
393 1301 100000
1883 661 100000
304 398 100000
247 189 100000
2292 1931 100000
1892 316 100000
1083 2061 100000
1163 120 100000
316 1542 100000
1108 553 100000
472 2103 100000
1011 438 100000
736 1176 100000
1897 290 100000
358 1169 100000
179 518 100000
1530 2389 100000
428 2128 100000
937 2111 100000
1853 1123 100000
2324 1111 100000
1292 1840 100000
576 2477 100000
1909 566 100000
1099 443 100000
1725 393 100000
1826 285 100000
1241 1483 100000
1215 1792 100000
1509 1687 100000
1913 710 100000
1063 1019 100000
1192 1155 100000
497 297 100000
1639 1333 100000
1647 1257 100000
1575 685 100000
2159 1242 100000
1275 425 100000
503 2375 100000
451 2228 100000
1849 545 100000
485 1967 100000
739 1703 100000
1965 690 100000
411 1959 100000
1552 1551 100000
464 1640 100000
1661 753 100000
2157 1806 100000
1069 152 100000
1671 1463 100000
1832 1861 100000
1556 680 100000
1436 222 100000
673 752 100000
725 978 100000
2371 1856 100000
1164 417 100000
2225 1509 100000
639 2258 100000
856 160 100000
761 125 100000
1834 1655 100000
608 1012 100000
607 149 100000
96 1480 100000
529 2081 100000
831 1195 100000
1472 652 100000
2094 633 100000
1855 335 100000
343 1984 100000
402 2192 100000
2285 622 100000
55 1744 100000
1437 1028 100000
232 1225 100000
2439 907 100000
1263 2120 100000
1504 2430 100000
946 215 100000
958 1610 100000
1741 1732 100000
1694 1557 100000
2060 362 100000
2152 42 100000
2252 2170 100000
1998 1389 100000
1875 977 100000
2144 2172 100000
1362 802 100000
1528 423 100000
981 1772 100000
1312 1082 100000
233 1407 100000
1922 213 100000
2249 366 100000
200 1339 100000
1175 821 100000
1611 481 100000
115 2391 100000
1262 2324 100000
78 1458 100000
1549 117 100000
1744 1823 100000
1363 980 100000
1346 1207 100000
2164 2145 100000
1206 1100 100000
1859 627 100000
581 2190 100000
1510 2276 100000
2493 57 100000
342 1140 100000
1775 86 100000
1418 2174 100000
1622 385 100000
1787 1618 100000
1007 1895 100000
1724 1514 100000
120 1985 100000
86 1148 100000
721 936 100000
1237 1110 100000
1055 775 100000
906 1205 100000
2021 305 100000
255 441 100000
2175 549 100000
573 663 100000
105 2301 100000
833 267 100000
1026 178 100000
2172 745 100000
1449 386 100000
1482 97 100000
2403 592 100000
987 1644 100000
745 1106 100000
213 1353 100000
734 226 100000
323 232 100000
1110 806 100000
69 1217 100000
1678 601 100000
992 1274 100000
1838 2291 100000
837 414 100000
973 1035 100000
1576 113 100000
139 1492 100000
2238 747 100000
1373 446 100000
111 740 100000
2267 2443 100000
1914 966 100000
549 1562 100000
2240 246 100000
1583 1579 100000
786 1049 100000
1268 1107 100000
733 555 100000
698 1485 100000
1904 1784 100000
60 939 100000
284 2485 100000
2442 1022 100000
1522 1783 100000
1638 986 100000
596 921 100000
926 1995 100000
2082 1364 100000
495 776 100000
803 63 100000
774 1319 100000
2342 1760 100000
1954 1933 100000
1134 1746 100000
40 2401 100000
1054 67 100000
723 2470 100000
1270 1710 100000
230 1506 100000
1962 1040 100000
1041 72 100000
1765 558 100000
1374 47 100000
880 1379 100000
1876 2378 100000
2178 2462 100000
1470 492 100000
1004 1105 100000
1613 532 100000
1282 1801 100000
1118 2191 100000
1408 323 100000
1996 493 100000
403 834 100000
569 582 100000
2084 1620 100000
1307 1582 100000
1885 259 100000
952 2214 100000
1347 121 100000
1990 1756 100000
2263 865 100000
559 2453 100000
762 1556 100000
1823 1880 100000
755 1819 100000
1715 2130 100000
930 2225 100000
288 894 100000
1424 2006 100000
825 68 100000
2071 333 100000
578 844 100000
1428 564 100000
1401 1600 100000
1763 2088 100000
2343 2349 100000
1377 48 100000
1609 1904 100000
1122 2246 100000
2062 1486 100000
2188 2296 100000
75 200 100000
52 2160 100000
2330 1149 100000
1570 108 100000
742 426 100000
1899 2163 100000
2243 1311 100000
2127 994 100000
63 2161 100000
34 591 100000
1821 1662 100000
2470 1619 100000
560 2326 100000
789 2051 100000
53 1812 100000
1635 1362 100000
339 1787 100000
194 2108 100000
496 1996 100000
1210 479 100000
635 1884 100000
2475 25 100000
158 1624 100000
2057 1193 100000
462 538 100000
100 811 100000
2247 2332 100000
1433 677 100000
599 394 100000
1399 1083 100000
1950 15 100000
550 1427 100000
1365 688 100000
2436 2241 100000
697 399 100000
1030 2227 100000
1535 127 100000
766 131 100000
2000 2149 100000
378 114 100000
106 477 100000
1761 547 100000
1116 1689 100000
2430 1583 100000
2406 436 100000
437 1387 100000
1062 1446 100000
1585 2418 100000
74 1962 100000
2304 2265 100000
1872 2273 100000
1074 2074 100000
2058 13 100000
1860 1552 100000
1623 1851 100000
848 1936 100000
568 2008 100000
1937 1881 100000
1144 1153 100000
488 1288 100000
1159 365 100000
29 637 100000
2321 1603 100000
1777 392 100000
846 1313 100000
391 683 100000
381 1045 100000
1057 1134 100000
1226 1963 100000
884 2434 100000
1345 2199 100000
20 1902 100000
1320 1612 100000
2380 2407 100000
140 529 100000
1454 2129 100000
459 1263 100000
1375 403 100000
1560 2126 100000
1546 1723 100000
743 2137 100000
754 1935 100000
802 2243 100000
1525 101 100000
36 817 100000
2450 562 100000
1423 288 100000
1588 1733 100000
891 1305 100000
2100 133 100000
518 512 100000
1977 2119 100000
1487 718 100000
526 2024 100000
2227 1735 100000
2372 1613 100000
68 380 100000
1150 1580 100000
2250 2233 100000
1507 1512 100000
340 2329 100000
1982 395 100000
2150 400 100000
1435 27 100000
112 1534 100000
376 1161 100000
45 1221 100000
1836 826 100000
2482 858 100000
224 1345 100000
1239 695 100000
2373 1979 100000
2255 1021 100000
2078 1898 100000
667 407 100000
1751 1065 100000
313 49 100000
1406 1664 100000
2474 791 100000
1119 1599 100000
1010 1571 100000
2070 595 100000
1304 337 100000
694 1430 100000
913 44 100000
816 1611 100000
1125 1378 100000
1222 1254 100000
643 2101 100000
1537 276 100000
1094 383 100000
1710 1327 100000
1952 2016 100000
1532 2112 100000
2334 1037 100000
1495 1720 100000
2310 1096 100000
751 1914 100000
2089 1694 100000
1936 4 100000
133 1291 100000
2467 1773 100000
118 1590 100000
1732 523 100000
309 2013 100000
1431 1588 100000
1898 1841 100000
1207 2277 100000
149 2388 100000
2156 2236 100000
1980 546 100000
2299 1634 100000
123 1196 100000
1254 475 100000
1711 1824 100000
601 1314 100000
1850 1829 100000
2270 444 100000
382 1641 100000
2025 594 100000
2085 158 100000
1311 361 100000
912 61 100000
2012 467 100000
2080 2007 100000
971 1752 100000
1258 224 100000
1426 2357 100000
1656 792 100000
1799 2133 100000
498 1518 100000
2184 269 100000
49 465 100000
772 52 100000
1999 2141 100000
1181 1663 100000
1230 496 100000
293 2202 100000
458 1866 100000
731 2031 100000
1430 2341 100000
1285 1870 100000
1489 263 100000
2434 1468 100000
1727 370 100000
295 1064 100000
469 916 100000
541 93 100000
1674 2344 100000
1414 2436 100000
231 1002 100000
1261 506 100000
307 960 100000
1299 415 100000
2341 2260 100000
18 1706 100000
1380 1539 100000
683 247 100000
1065 948 100000
1156 1416 100000
2431 261 100000
2005 2063 100000
547 1564 100000
335 884 100000
1596 840 100000
1078 1258 100000
1934 1814 100000
1958 801 100000
1077 2035 100000
2301 1807 100000
1107 1558 100000
2266 1649 100000
534 1059 100000
1450 1138 100000
1712 1343 100000
2135 359 100000
1798 508 100000
1420 1490 100000
566 2263 100000
2498 1041 100000
1464 1632 100000
883 1030 100000
59 208 100000
897 581 100000
1867 1817 100000
699 2480 100000
2278 53 100000
30 727 100000
1064 2235 100000
2366 424 100000
1128 731 100000
1376 2351 100000
2064 2053 100000
728 1260 100000
1168 885 100000
1042 1938 100000
1409 1381 100000
1358 822 100000
1295 214 100000
1124 2249 100000
1920 2123 100000
13 449 100000
1084 270 100000
1227 2231 100000
1441 250 100000
197 308 100000
54 2347 100000
377 2428 100000
1789 1665 100000
1301 2187 100000
2476 2116 100000
1508 1987 100000
711 2412 100000
836 1132 100000
2224 969 100000
2236 1449 100000
240 34 100000
2282 2054 100000
911 2003 100000
847 1595 100000
1747 317 100000
1557 2413 100000
1020 722 100000
1796 2153 100000
982 2152 100000
2459 2479 100000
1562 1329 100000
865 1376 100000
1132 458 100000
305 389 100000
95 849 100000
1581 353 100000
1467 1685 100000
64 2272 100000
360 2009 100000
1323 1543 100000
938 2102 100000
1027 1729 100000
919 491 100000
264 933 100000
1228 1777 100000
1155 2393 100000
134 835 100000
1305 2340 100000
2495 1942 100000
703 1637 100000
2433 343 100000
2307 754 100000
845 843 100000
1234 732 100000
1519 2295 100000
1986 2452 100000
2189 2287 100000
268 132 100000
546 929 100000
1739 129 100000
1842 1669 100000
898 902 100000
2336 430 100000
2478 1940 100000
125 2447 100000
1097 1906 100000
2353 584 100000
590 373 100000
1081 1033 100000
1422 1862 100000
792 2325 100000
2457 1318 100000
904 283 100000
2360 401 100000
2386 674 100000
1212 1776 100000
2253 1393 100000
182 861 100000
322 390 100000
234 396 100000
1658 1754 100000
1501 565 100000
1824 1968 100000
2331 1396 100000
185 432 100000
1076 2021 100000
1266 411 100000
1421 2179 100000
1456 1569 100000
839 992 100000
522 1325 100000
1616 2354 100000
27 2050 100000
510 655 100000
157 1234 100000
1088 1786 100000
749 1504 100000
2412 95 100000
1034 100 100000
1995 367 100000
718 758 100000
296 1839 100000
300 2072 100000
826 469 100000
830 1386 100000
957 450 100000
199 1854 100000
1517 87 100000
1975 346 100000
1653 696 100000
299 1164 100000
2281 1965 100000
103 1828 100000
1490 81 100000
90 2498 100000
1052 1124 100000
415 45 100000
978 2253 100000
246 814 100000
1198 502 100000
1679 721 100000
1457 1392 100000
205 2493 100000
2257 2194 100000
1547 962 100000
2326 1013 100000
2347 1415 100000
968 1925 100000
2121 56 100000
2338 2319 100000
15 658 100000
192 2284 100000
1879 2180 100000
11 1167 100000
2103 2036 100000
1274 778 100000
500 146 100000
869 810 100000
943 1860 100000
1566 874 100000
586 954 100000
966 1246 100000
2265 271 100000
2022 726 100000
250 1262 100000
1103 2313 100000
58 1768 100000
598 2084 100000
2138 1721 100000
1338 256 100000
530 1667 100000
1174 1145 100000
1123 675 100000
126 1438 100000
2237 480 100000
2092 756 100000
2171 2322 100000
384 500 100000
2068 605 100000
1604 1747 100000
1737 2432 100000
881 551 100000
145 2449 100000
1973 1074 100000
921 2302 100000
2472 514 100000
1481 1104 100000
1443 1382 100000
2110 1130 100000
1050 2173 100000
861 2312 100000
902 175 100000
2151 418 100000
776 294 100000
2106 168 100000
2350 51 100000
1563 1510 100000
398 644 100000
1473 5 100000
289 1020 100000
1211 2399 100000
1644 2396 100000
804 1450 100000
1468 2317 100000
652 1990 100000
1098 7 100000
202 2274 100000
1839 2299 100000
1584 2254 100000
597 684 100000
1001 139 100000
1178 1671 100000
2453 2283 100000
1944 1954 100000
1688 2495 100000
2356 1004 100000
756 1402 100000
584 540 100000
209 554 100000
2461 172 100000
783 1342 100000
2374 29 100000
2117 2140 100000
1930 963 100000
832 782 100000
1496 463 100000
1767 1878 100000
2183 360 100000
680 155 100000
2128 676 100000
1278 887 100000
1092 1303 100000
2147 198 100000
1499 1179 100000
1402 760 100000
281 85 100000
2028 604 100000
2004 1596 100000
341 1808 100000
523 406 100000
2158 537 100000
474 1017 100000
1736 1631 100000
1395 780 100000
2375 1516 100000
1090 239 100000
1253 2092 100000
2148 2155 100000
2149 1858 100000
482 1972 100000
656 1989 100000
114 1394 100000
841 1882 100000
1484 2397 100000
70 30 100000
947 869 100000
2410 28 100000
835 543 100000
985 487 100000
2181 254 100000
1548 2271 100000
993 1384 100000
1491 1113 100000
1698 2091 100000
2258 2321 100000
1036 774 100000
1113 1484 100000
1749 587 100000
1405 707 100000
934 1218 100000
1923 1980 100000
914 1281 100000
150 2268 100000
1981 580 100000
707 1584 100000
198 1119 100000
193 2379 100000
308 435 100000
2333 1098 100000
26 513 100000
405 1690 100000
1133 1873 100000
1773 1737 100000
1731 2483 100000
349 997 100000
153 2020 100000
693 2057 100000
7 1025 100000
990 1927 100000
1828 2105 100000
538 1276 100000
2206 2070 100000
633 1844 100000
2490 413 100000
1160 1239 100000
1109 258 100000
2306 167 100000
1769 303 100000
489 1507 100000
2067 872 100000
1848 744 100000
2154 1023 100000
136 1332 100000
1762 895 100000
705 634 100000
2463 1448 100000
2271 616 100000
1700 996 100000
641 109 100000
2162 334 100000
1840 2311 100000
945 1089 100000
2090 10 100000
2101 1999 100000
564 1160 100000
1079 1102 100000
2037 476 100000
1233 64 100000
143 59 100000
1803 162 100000
2190 363 100000
2381 702 100000
1599 103 100000
87 169 100000
2195 918 100000
275 1815 100000
128 357 100000
2382 657 100000
1151 2376 100000
2003 1893 100000
829 1650 100000
499 1165 100000
162 991 100000
563 6 100000
798 2411 100000
1785 1162 100000
928 16 100000
1541 777 100000
413 2122 100000
1579 136 100000
237 1660 100000
1364 589 100000
1906 219 100000
1810 96 100000
1388 1371 100000
628 284 100000
1608 255 100000
1180 2444 100000
2491 1223 100000
1518 2365 100000
483 1202 100000
2228 1000 100000
2320 881 100000
319 915 100000
1939 1488 100000
1006 340 100000
12 1188 100000
1684 608 100000
629 2496 100000
2348 1410 100000
592 880 100000
630 859 100000
443 1306 100000
2429 2364 100000
1729 286 100000
1167 2177 100000
1866 1743 100000
1475 1762 100000
1280 2385 100000
771 1267 100000
2446 1581 100000
1412 1805 100000
1945 2232 100000
1723 1457 100000
2415 197 100000
649 783 100000
362 1911 100000
1858 2154 100000
1652 1923 100000
401 1883 100000
1886 1903 100000
1114 31 100000
850 83 100000
2314 1607 100000
1884 2234 100000
1335 698 100000
1154 1481 100000
395 924 100000
1817 1757 100000
166 307 100000
2345 1682 100000
2448 1574 100000
1360 2099 100000
2481 1395 100000
795 2027 100000
1960 358 100000
218 1186 100000
1793 2373 100000
2046 1212 100000
2098 1652 100000
1705 1627 100000
1444 643 100000
678 599 100000
1425 2492 100000
505 1347 100000
167 266 100000
614 2142 100000
433 2139 100000
2056 613 100000
2197 1538 100000
1367 2018 100000
853 1328 100000
892 99 100000
1830 350 100000
2397 1545 100000
654 904 100000
1221 3 100000
870 453 100000
1949 470 100000
2198 1175 100000
1706 210 100000
528 563 100000
1594 2256 100000
1637 911 100000
2231 1326 100000
1595 216 100000
2124 2028 100000
1667 579 100000
446 1116 100000
2196 525 100000
548 2482 100000
385 348 100000
1161 757 100000
470 472 100000
366 1559 100000
1800 408 100000
267 2461 100000
50 1838 100000
1329 785 100000
1873 850 100000
2015 1548 100000
961 1859 100000
603 272 100000
1440 420 100000
685 1069 100000
989 965 100000
624 1109 100000
1256 1791 100000
2286 126 100000
272 484 100000
706 1704 100000
324 1920 100000
778 1795 100000
2329 923 100000
1847 578 100000
525 2216 100000
406 9 100000
1606 1187 100000
959 1790 100000
2061 122 100000
2063 1586 100000
2344 474 100000
1370 1905 100000
828 462 100000
1238 11 100000
294 957 100000
155 1615 100000
225 1335 100000
899 829 100000
2191 524 100000
1854 1172 100000
2088 2148 100000
2494 2441 100000
170 1277 100000
1778 1515 100000
108 2100 100000
2378 716 100000
2029 2113 100000
977 854 100000
960 1181 100000
2496 1577 100000
1984 1695 100000
1512 975 100000
1994 351 100000
1861 427 100000
1818 2144 100000
1758 1216 100000
1298 520 100000
1846 1796 100000
793 2374 100000
1815 1943 100000
2427 2185 100000
1812 157 100000
1976 339 100000
1878 1541 100000
1015 503 100000
2177 1171 100000
1071 1521 100000
2042 2196 100000
625 1206 100000
174 1907 100000
1716 1126 100000
48 533 100000
328 1158 100000
609 1114 100000
1250 179 100000
574 926 100000
263 372 100000
1929 1738 100000
450 930 100000
1738 1122 100000
646 153 100000
1631 1763 100000
1294 260 100000
689 574 100000
1591 686 100000
823 1833 100000
744 2474 100000
1835 2220 100000
2097 2206 100000
2072 2181 100000
160 941 100000
1551 1399 100000
1841 1976 100000
1526 77 100000
2254 1366 100000
2200 387 100000
336 289 100000
750 2079 100000
2276 1084 100000
2182 1087 100000
1225 268 100000
587 639 100000
1573 388 100000
637 62 100000
1289 628 100000
1745 1471 100000
1143 863 100000
696 1740 100000
254 2371 100000
35 2395 100000
1142 2004 100000
2435 853 100000
747 1572 100000
61 1129 100000
1265 2089 100000
1632 556 100000
94 234 100000
2187 864 100000
1617 1219 100000
442 2451 100000
1545 1266 100000
42 1822 100000
2219 1173 100000
278 2213 100000
2402 2159 100000
801 220 100000
1987 522 100000
2473 1617 100000
944 1287 100000
1029 2178 100000
141 230 100000
2398 2500 1
419 1154 100000
1281 2025 100000
271 1297 100000
1488 1973 100000
2379 1199 100000
556 610 100000
1590 227 100000
671 1761 100000
941 1268 100000
896 65 100000
1805 1461 100000
1533 1406 100000
2393 818 100000
2497 248 100000
684 2267 100000
2340 2423 100000
400 762 100000
1189 123 100000
2095 699 100000
1480 1693 100000
1106 2037 100000
895 968 100000
235 2066 100000
317 310 100000
2464 2038 100000
184 2015 100000
107 1194 100000
2242 825 100000
274 39 100000
871 645 100000
1693 1845 100000
1586 2266 100000
2115 2204 100000
359 1422 100000
2312 519 100000
2122 671 100000
2047 1240 100000
2112 557 100000
1708 1031 100000
727 1245 100000
1322 2410 100000
1956 1299 100000
1354 349 100000
1429 893 100000
653 1451 100000
722 102 100000
666 2166 100000
135 1654 100000
1190 839 100000
83 431 100000
2272 621 100000
1781 812 100000
618 1307 100000
99 243 100000
1404 1530 100000
492 2205 100000
261 765 100000
1112 1946 100000
1477 1349 100000
2428 2017 100000
286 1411 100000
2053 642 100000
2185 116 100000
1618 2292 100000
935 204 100000
965 236 100000
1578 2433 100000
1735 741 100000
2145 1038 100000
1874 1593 100000
887 736 100000
531 1549 100000
923 2095 100000
1397 455 100000
1315 135 100000
517 2488 100000
2421 527 100000
287 1141 100000
2365 793 100000
2234 521 100000
1130 2309 100000
1771 88 100000
2123 799 100000
190 875 100000
1326 903 100000
253 391 100000
1286 1502 100000
229 2117 100000
1924 1466 100000
1141 2352 100000
2208 2125 100000
1087 597 100000
1881 2158 100000
807 1811 100000
1511 577 100000
238 302 100000
2454 1455 100000
1497 987 100000
493 2193 100000
1359 1715 100000
2452 953 100000
2361 2240 100000
10 1941 100000
924 448 100000
226 1680 100000
19 1684 100000
1704 2390 100000
1096 2106 100000
876 2335 100000
1075 879 100000
329 609 100000
996 1589 100000
2274 1078 100000
178 2242 100000
1053 1767 100000
1303 2323 100000
420 1872 100000
1080 2029 100000
2140 1011 100000
1302 1915 100000
1415 461 100000
270 847 100000
2322 23 100000
32 1036 100000
2077 277 100000
1743 1280 100000
372 1290 100000
43 2331 100000
1558 2033 100000
2050 1970 100000
1670 257 100000
770 1061 100000
116 1408 100000
820 945 100000
796 1676 100000
1505 896 100000
1182 1638 100000
1516 1850 100000
491 1401 100000
2327 2039 100000
109 2157 100000
338 647 100000
1643 1447 100000
1120 1091 100000
2091 2262 100000
1718 1505 100000
1569 636 100000
1553 1409 100000
1992 1642 100000
1378 2169 100000
407 2096 100000
2086 1810 100000
1654 1473 100000
665 2304 100000
2166 984 100000
2217 889 100000
1416 681 100000
686 1818 100000
746 1956 100000
794 1681 100000
72 925 100000
1774 2114 100000
73 1971 100000
1515 1832 100000
1506 1788 100000
1660 2316 100000
1918 2094 100000
2229 1508 100000
2432 173 100000
553 1491 100000
2418 40 100000
476 883 100000
840 211 100000
1442 1736 100000
2096 899 100000
259 687 100000
399 815 100000
1045 1147 100000
1825 2404 100000
1235 1523 100000
1208 1728 100000
1603 2460 100000
394 2288 100000
2010 908 100000
1246 748 100000
2277 332 100000
2445 1575 100000
511 1227 100000
154 2218 100000
1845 1398 100000
2216 1066 100000
2066 2208 100000
127 526 100000
942 143 100000
1797 1249 100000
1766 668 100000
1856 1647 100000
65 205 100000
1229 1499 100000
28 737 100000
3 2090 100000
283 1226 100000
173 2076 100000
1550 74 100000
1293 338 100000
2441 1555 100000
457 845 100000
1646 1385 100000
189 1678 100000
416 1952 100000
1630 1716 100000
356 355 100000
1236 516 100000
552 1295 100000
759 2134 100000
1165 1982 100000
348 1921 100000
142 229 100000
2477 1191 100000
1721 570 100000
1407 697 100000
1379 119 100000
208 971 100000
2214 1475 100000
1837 2363 100000
171 1289 100000
1726 1910 100000
279 1960 100000
915 1892 100000
1427 667 100000
524 1112 100000
2008 940 100000
610 66 100000
1792 2059 100000
1804 1324 100000
1978 2186 100000
1833 906 100000
1714 1184 100000
1131 1950 100000
773 2002 100000
92 1877 100000
84 2294 100000
822 505 100000
1277 1487 100000
1559 478 100000
936 1725 100000
260 816 100000
1713 567 100000
676 781 100000
1868 14 100000
2486 442 100000
790 2040 100000
1953 720 100000
2489 1441 100000
1162 888 100000
595 1513 100000
2308 170 100000
1184 807 100000
1193 1567 100000
1014 507 100000
2126 1050 100000
129 2182 100000
1927 1724 100000
640 572 100000
818 145 100000
577 619 100000
188 2382 100000
332 1058 100000
2407 20 100000
1582 223 100000
542 1656 100000
351 866 100000
901 148 100000
257 2150 100000
611 115 100000
875 1433 100000
191 1271 100000
1794 1532 100000
1915 2419 100000
2317 2414 100000
1205 352 100000
252 2438 100000
843 662 100000
2081 2073 100000
1101 1900 100000
1903 1816 100000
719 2362 100000
2438 1864 100000
383 320 100000
2420 2377 100000
47 548 100000
1146 614 100000
600 1718 100000
1095 873 100000
2006 2415 100000
2199 238 100000
1022 813 100000
1901 1540 100000
866 650 100000
212 1605 100000
2469 2104 100000
779 2248 100000
2391 1117 100000
2173 1766 100000
1104 789 100000
277 2466 100000
1332 1890 100000
1746 1284 100000
509 1341 100000
2113 1231 100000
312 2209 100000
555 1228 100000
363 1853 100000
452 989 100000
1177 1079 100000
2488 2046 100000
2099 354 100000
1204 959 100000
800 809 100000
207 2484 100000
1218 1948 100000
297 1849 100000
2239 1771 100000
2296 544 100000
1466 1121 100000
1002 773 100000
1136 1578 100000
404 1998 100000
1447 140 100000
137 1470 100000
2451 2210 100000
1025 730 100000
2048 2221 100000
1540 1842 100000
132 141 100000
2232 191 100000
409 2368 100000
117 2188 100000
276 347 100000
1991 1945 100000
724 938 100000
223 2456 100000
1021 434 100000
2339 1974 100000
269 1452 100000
580 704 100000
1220 1099 100000
14 1220 100000
1147 1377 100000
168 1201 100000
1352 1146 100000
2319 147 100000
1369 1456 100000
543 824 100000
2073 862 100000
2220 130 100000
2001 137 100000
1589 2067 100000
984 689 100000
1870 691 100000
1413 598 100000
1279 541 100000
1889 1337 100000
1037 1097 100000
2116 1192 100000
651 1309 100000
344 315 100000
504 927 100000
1264 1897 100000
214 1879 100000
532 1090 100000
1271 2085 100000
1580 1889 100000
113 2121 100000
2132 440 100000
1018 1713 100000
1476 501 100000
368 1666 100000
2165 199 100000
2105 1029 100000
1058 1373 100000
1905 1891 100000
1779 932 100000
248 1358 100000
1938 1244 100000
2043 1435 100000
2052 201 100000
1086 468 100000
2293 623 100000
1191 1702 100000
557 820 100000
664 1517 100000
2209 2366 100000
797 2446 100000
432 2369 100000
1997 1462 100000
1339 2486 100000
813 949 100000
5 828 100000
717 795 100000
41 325 100000
1900 2478 100000
1689 1981 100000
2118 1986 100000
490 1745 100000
1478 1780 100000
2355 1197 100000
1627 69 100000
636 2164 100000
2466 105 100000
2040 1417 100000
1662 1032 100000
387 265 100000
1523 1269 100000
172 1885 100000
806 827 100000
1943 2327 100000
1655 1717 100000
2262 1108 100000
2 1614 100000
976 180 100000
1690 2467 100000
273 2237 100000
23 2439 100000
1760 935 100000
900 797 100000
243 1709 100000
2367 1453 100000
2108 70 100000
1152 2224 100000
1686 1544 100000
1890 264 100000
515 2454 100000
2284 1630 100000
1888 1125 100000
1941 1152 100000
2075 2219 100000
2414 182 100000
1701 2405 100000
183 531 100000
1948 1533 100000
445 54 100000
757 1930 100000
1336 404 100000
638 1503 100000
2447 18 100000
704 708 100000
1328 653 100000
1692 841 100000
1172 2278 100000
62 1944 100000
752 1550 100000
1979 2297 100000
1260 901 100000
627 1479 100000
905 1261 100000
527 2328 100000
994 1442 100000
810 2381 100000
2291 2392 100000
6 2465 100000
621 1673 100000
447 2308 100000
2020 1157 100000
950 1391 100000
1355 336 100000
1461 2290 100000
1555 1909 100000
1755 2131 100000
2246 1616 100000
2055 1128 100000
303 499 100000
972 1961 100000
1942 709 100000
121 1482 100000
1764 593 100000
2169 703 100000
1554 846 100000
882 1237 100000
440 124 100000
1896 142 100000
1248 1699 100000
361 1294 100000
244 164 100000
1173 2285 100000
918 293 100000
210 2082 100000
623 764 100000
66 187 100000
2051 876 100000
1494 1336 100000
1284 1296 100000
2054 631 100000
1417 693 100000
1572 1211 100000
1243 412 100000
455 280 100000
1587 76 100000
1959 701 100000
1460 1887 100000
1070 410 100000
1917 2201 100000
412 1052 100000
1139 1253 100000
1458 330 100000
82 112 100000
221 1046 100000
1334 437 100000
2318 428 100000
1636 912 100000
2264 717 100000
2114 2338 100000
1877 1270 100000
130 2429 100000
475 2286 100000
561 43 100000
1411 1926 100000
1645 253 100000
1601 1751 100000
1276 1800 100000
310 530 100000
1697 1978 100000
164 2459 100000
2275 1101 100000
874 1994 100000
1200 1668 100000
1521 1383 100000
1852 2489 100000
1602 798 100000
346 2032 100000
380 1764 100000
612 1292 100000
355 1489 100000
1009 1264 100000
119 12 100000
1820 185 100000
1089 327 100000
148 1131 100000
715 848 100000
417 2183 100000
2354 299 100000
2364 1177 100000
434 1992 100000
908 231 100000
868 2010 100000
2399 241 100000
176 1210 100000
1677 1056 100000
2210 1688 100000
910 560 100000
1013 705 100000
2368 1874 100000
466 1598 100000
735 494 100000
56 1646 100000
2223 2250 100000
726 2342 100000
1219 71 100000
77 2424 100000
2483 988 100000
1091 176 100000
2129 1606 100000
1493 460 100000
925 743 100000
1452 279 100000
1242 2168 100000
979 830 100000
2413 374 100000
668 1643 100000
812 620 100000
903 292 100000
1561 552 100000
1201 1825 100000
1138 928 100000
1624 36 100000
2032 433 100000
364 1899 100000
2458 1081 100000
431 1464 100000
131 1566 100000
645 831 100000
1649 851 100000
285 1865 100000
1313 1525 100000
2357 150 100000
1439 2052 100000
2332 2110 100000
1612 1809 100000
955 345 100000
282 612 100000
2401 624 100000
181 1320 100000
301 2109 100000
196 664 100000
2007 1496 100000
1012 2259 100000
2222 1009 100000
1040 1247 100000
1651 1742 100000
1300 1477 100000
2017 629 100000
2297 1439 100000
1135 454 100000
1384 511 100000
389 632 100000
949 999 100000
354 1846 100000
2311 1623 100000
615 488 100000
1451 183 100000
909 2245 100000
1752 2346 100000
768 1871 100000
2013 1901 100000
365 73 100000
1100 2071 100000
1024 1440 100000
562 1375 100000
1863 1047 100000
1438 1511 100000
2226 2042 100000
514 964 100000
1366 377 100000
501 755 100000
1272 1372 100000
931 878 100000
22 457 100000
418 2069 100000
2104 635 100000
1068 282 100000
2201 221 100000
1269 376 100000
2009 2475 100000
1046 2298 100000
2349 1831 100000
827 1330 100000
1544 245 100000
327 575 100000
647 670 100000
1448 2226 100000
306 184 100000
2484 1200 100000
44 486 100000
16 2014 100000
1691 1953 100000
1597 1753 100000
454 1653 100000
1341 2334 100000
1349 2022 100000
513 473 100000
1657 1093 100000
280 649 100000
1640 517 100000
575 249 100000
320 536 100000
863 1361 100000
2002 273 100000
2337 1425 100000
920 1749 100000
302 973 100000
1520 240 100000
33 2044 100000
1907 1524 100000
842 1001 100000
508 1997 100000
1232 1983 100000
1394 218 100000
1157 151 100000
1911 2056 100000
2480 779 100000
1231 618 100000
669 38 100000
481 942 100000
1659 1209 100000
2137 1072 100000
89 24 100000
2279 833 100000
2485 1868 100000
1748 561 100000
710 2229 100000
1593 2440 100000
227 1626 100000
1217 967 100000
436 1380 100000
720 1229 100000
156 382 100000
102 742 100000
867 2041 100000
1571 161 100000
765 951 100000
2440 979 100000
1446 2264 100000
659 1316 100000
748 1951 100000
2230 2448 100000
681 1886 100000
187 1308 100000
1392 882 100000
2160 1238 100000
2192 770 100000
311 768 100000
1082 33 100000
791 2098 100000
430 956 100000
1202 1356 100000
1324 2339 100000
1434 1039 100000
2038 1847 100000
122 931 100000
2045 2394 100000
602 905 100000
2027 985 100000
1985 1338 100000
2024 2330 100000
1176 2386 100000
1445 800 100000
1615 1183 100000
1257 890 100000
632 2353 100000
516 1789 100000
1527 1412 100000
2289 1922 100000
2352 1368 100000
927 665 100000
1626 2497 100000
422 2055 100000
1703 576 100000
2213 2420 100000
2396 1070 100000
2294 891 100000
767 194 100000
350 235 100000
1531 181 100000
1387 995 100000
2036 166 100000
714 452 100000
670 32 100000
1514 2458 100000
2315 832 100000
152 202 100000
1356 41 100000
2388 1977 100000
369 207 100000
2119 1707 100000
2384 1015 100000
551 1469 100000
1318 1526 100000
878 550 100000
788 1645 100000
2033 1182 100000
1806 60 100000
535 295 100000
799 106 100000
426 1224 100000
784 711 100000
1791 786 100000
1111 144 100000
314 1535 100000
370 1537 100000
811 447 100000
1244 1601 100000
1628 1346 100000
888 1080 100000
2400 1026 100000
2179 1354 100000
453 2442 100000
1317 1139 100000
1822 990 100000
520 1180 100000
1197 1546 100000
2268 1781 100000
1389 1067 100000
860 1621 100000
730 2162 100000
1344 2280 100000
2261 982 100000
1964 734 100000
1788 606 100000
1502 1400 100000
991 1964 100000
852 602 100000
1871 694 100000
1149 603 100000
1869 262 100000
2019 2372 100000
1093 640 100000
241 1370 100000
1357 2406 100000
565 1698 100000
1891 1755 100000
315 1365 100000
1574 2457 100000
1542 1888 100000
1283 497 100000
1784 1454 100000
429 275 100000
345 630 100000
974 1230 100000
2125 244 100000
256 1495 100000
1577 17 100000
219 84 100000
2014 98 100000
2059 459 100000
2387 190 100000
983 944 100000
916 2195 100000
648 154 100000
1844 1043 100000
93 1190 100000
2449 1843 100000
1073 369 100000
567 237 100000
2290 2184 100000
1750 1636 100000
769 1622 100000
907 1875 100000
449 55 100000
215 1120 100000
1085 2093 100000
1829 371 100000
2136 1855 100000
424 21 100000
1668 1597 100000
998 588 100000
1908 379 100000
242 952 100000
675 1648 100000
889 993 100000
81 1560 100000
1361 1077 100000
1757 321 100000
371 2476 100000
2376 419 100000
1963 1178 100000
854 1241 100000
1802 456 100000
2011 1835 100000
613 1827 100000
582 1529 100000
1348 763 100000
954 2005 100000
1961 1063 100000
331 2307 100000
2419 917 100000
709 2064 100000
2390 897 100000
2233 998 100000
1733 877 100000
17 1214 100000
775 1770 100000
558 660 100000
1722 1429 100000
1008 2048 100000
1 2398 1
855 356 100000
2205 1587 100000
2107 75 100000
1625 1053 100000
2392 1390 100000
249 787 100000
1393 2 100000
1786 1278 100000
1419 2118 100000
1534 569 100000
939 402 100000
2492 2223 100000
753 1048 100000
2221 2143 100000
